Cross validation fold 1/10
Train indices: [  0   2   3   4   5   6   7   8   9  10  11  12  13  14  15  16  18  19
  20  21  22  23  24  25  26  27  28  29  30  31  32  33  34  35  36  37
  38  39  40  41  42  43  44  45  46  47  48  49  50  51  52  53  54  55
  58  59  60  61  62  63  64  65  66  68  69  70  71  72  73  74  75  76
  77  78  79  80  81  83  85  86  87  88  89  90  91  92  93  94  95  96
  97  98  99 100 101 102 103 105 106 107 108 110 111 112 113 114 116 117
 118 119 121 122 123 125 126 127 128 130 131 132 133 134 136 137 138 139
 140 141 142 143 144 145 146 147 148]
Test indices: [  1  17  56  57  67  82  84 104 109 115 120 124 129 135 149]
Features no: 2
Weights: [-0.02948054 -0.00906596]

Cross validation fold 2/10
Train indices: [  0   1   3   4   6   7   8   9  10  11  13  14  15  16  17  18  19  20
  21  22  23  24  25  26  27  28  29  30  32  33  34  35  36  37  38  39
  40  41  42  43  44  45  46  47  48  49  50  51  53  54  55  56  57  60
  61  62  63  64  65  66  67  68  69  70  71  73  74  75  76  77  78  79
  80  81  82  83  84  85  86  87  88  89  90  91  92  93  94  95  96  97
  98  99 100 101 102 103 104 105 106 108 109 110 111 113 114 115 116 117
 119 120 121 123 124 126 127 129 130 131 132 133 134 135 136 137 138 140
 141 142 143 144 145 146 147 148 149]
Test indices: [  2   5  12  31  52  58  59  72 107 112 118 122 125 128 139]
Features no: 3
Weights: [-0.03449444 -0.01121573  0.01104778]

Cross validation fold 3/10
Train indices: [  0   1   2   3   4   5   7   8   9  10  11  12  13  14  15  17  18  19
  20  22  23  24  25  26  27  28  29  30  31  32  33  34  35  36  37  38
  39  41  42  43  44  46  47  48  49  50  51  52  53  55  56  57  58  59
  60  61  62  64  65  66  67  68  69  70  71  72  73  74  75  78  79  80
  82  83  84  85  86  87  88  90  91  92  93  94  95  96  97  98  99 100
 101 102 103 104 105 106 107 109 110 111 112 113 114 115 116 117 118 120
 121 122 123 124 125 126 127 128 129 130 131 132 133 135 136 137 139 140
 141 142 143 144 145 146 147 148 149]
Test indices: [  6  16  21  40  45  54  63  76  77  81  89 108 119 134 138]
Features no: 2
Weights: [-0.03226349 -0.01049951]

Cross validation fold 4/10
Train indices: [  0   1   2   3   4   5   6   7   8   9  10  11  12  13  15  16  17  18
  19  20  21  22  23  24  25  27  30  31  32  33  34  36  37  38  39  40
  41  42  43  44  45  46  47  48  49  51  52  53  54  55  56  57  58  59
  60  61  62  63  64  65  66  67  68  69  70  71  72  73  74  76  77  78
  79  80  81  82  83  84  86  87  88  89  90  91  94  95  97  98  99 101
 102 103 104 105 106 107 108 109 110 111 112 113 114 115 116 117 118 119
 120 122 123 124 125 126 127 128 129 130 131 132 134 135 136 137 138 139
 140 141 142 143 144 145 146 148 149]
Test indices: [ 14  26  28  29  35  50  75  85  92  93  96 100 121 133 147]
Features no: 2
Weights: [-0.03268784 -0.0117157 ]

Cross validation fold 5/10
Train indices: [  0   1   2   3   4   5   6   7   8   9  11  12  13  14  15  16  17  18
  19  20  21  22  23  24  25  26  27  28  29  30  31  32  33  34  35  36
  37  38  39  40  44  45  46  47  48  50  51  52  53  54  55  56  57  58
  59  60  62  63  64  65  66  67  68  69  70  72  73  74  75  76  77  78
  79  80  81  82  83  84  85  86  87  88  89  90  92  93  95  96  97  99
 100 101 103 104 105 106 107 108 109 110 112 114 115 116 117 118 119 120
 121 122 123 124 125 126 127 128 129 130 131 132 133 134 135 136 137 138
 139 140 141 143 145 146 147 148 149]
Test indices: [ 10  41  42  43  49  61  71  91  94  98 102 111 113 142 144]
Features no: 2
Weights: [-0.03301858 -0.00980757]

Cross validation fold 6/10
Train indices: [  0   1   2   3   4   5   6   7   8   9  10  11  12  13  14  16  17  18
  20  21  22  23  24  26  27  28  29  30  31  32  33  34  35  36  37  38
  39  40  41  42  43  44  45  46  47  48  49  50  51  52  53  54  56  57
  58  59  60  61  63  64  66  67  68  71  72  73  74  75  76  77  78  79
  81  82  84  85  86  87  88  89  90  91  92  93  94  95  96  98 100 101
 102 104 105 106 107 108 109 110 111 112 113 114 115 117 118 119 120 121
 122 123 124 125 126 127 128 129 130 131 132 133 134 135 136 137 138 139
 140 141 142 143 144 145 147 148 149]
Test indices: [ 15  19  25  55  62  65  69  70  80  83  97  99 103 116 146]
Features no: 2
Weights: [-0.03146898 -0.01050037]

Cross validation fold 7/10
Train indices: [  0   1   2   3   4   5   6   8   9  10  11  12  14  15  16  17  18  19
  20  21  22  24  25  26  27  28  29  31  32  33  34  35  37  39  40  41
  42  43  45  47  48  49  50  52  53  54  55  56  57  58  59  60  61  62
  63  64  65  67  68  69  70  71  72  73  74  75  76  77  78  79  80  81
  82  83  84  85  86  87  88  89  90  91  92  93  94  95  96  97  98  99
 100 101 102 103 104 105 106 107 108 109 111 112 113 114 115 116 118 119
 120 121 122 123 124 125 127 128 129 130 131 132 133 134 135 137 138 139
 141 142 143 144 145 146 147 148 149]
Test indices: [  7  13  23  30  36  38  44  46  51  66 110 117 126 136 140]
Features no: 2
Weights: [-0.03365293 -0.01079853]

Cross validation fold 8/10
Train indices: [  0   1   2   4   5   6   7   8   9  10  11  12  13  14  15  16  17  19
  21  22  23  24  25  26  27  28  29  30  31  32  33  34  35  36  37  38
  40  41  42  43  44  45  46  48  49  50  51  52  53  54  55  56  57  58
  59  60  61  62  63  65  66  67  68  69  70  71  72  74  75  76  77  78
  79  80  81  82  83  84  85  87  89  91  92  93  94  95  96  97  98  99
 100 101 102 103 104 105 106 107 108 109 110 111 112 113 114 115 116 117
 118 119 120 121 122 124 125 126 128 129 130 131 132 133 134 135 136 138
 139 140 142 143 144 145 146 147 149]
Test indices: [  3  18  20  39  47  64  73  86  88  90 123 127 137 141 148]
Features no: 3
Weights: [-0.03305972 -0.01430524  0.01099851]

Cross validation fold 9/10
Train indices: [  1   2   3   4   5   6   7  10  12  13  14  15  16  17  18  19  20  21
  22  23  25  26  27  28  29  30  31  33  35  36  38  39  40  41  42  43
  44  45  46  47  48  49  50  51  52  54  55  56  57  58  59  61  62  63
  64  65  66  67  69  70  71  72  73  75  76  77  79  80  81  82  83  84
  85  86  87  88  89  90  91  92  93  94  95  96  97  98  99 100 101 102
 103 104 106 107 108 109 110 111 112 113 114 115 116 117 118 119 120 121
 122 123 124 125 126 127 128 129 130 131 132 133 134 135 136 137 138 139
 140 141 142 143 144 146 147 148 149]
Test indices: [  0   8   9  11  24  32  34  37  53  60  68  74  78 105 145]
Features no: 4
Weights: [ 0.00671348 -0.02841501 -0.01473988  0.01275145]

Cross validation fold 10/10
Train indices: [  0   1   2   3   5   6   7   8   9  10  11  12  13  14  15  16  17  18
  19  20  21  23  24  25  26  28  29  30  31  32  34  35  36  37  38  39
  40  41  42  43  44  45  46  47  49  50  51  52  53  54  55  56  57  58
  59  60  61  62  63  64  65  66  67  68  69  70  71  72  73  74  75  76
  77  78  80  81  82  83  84  85  86  88  89  90  91  92  93  94  96  97
  98  99 100 102 103 104 105 107 108 109 110 111 112 113 115 116 117 118
 119 120 121 122 123 124 125 126 127 128 129 133 134 135 136 137 138 139
 140 141 142 144 145 146 147 148 149]
Test indices: [  4  22  27  33  48  79  87  95 101 106 114 130 131 132 143]
Features no: 3
Weights: [ 0.00291426 -0.0338806  -0.01081907]



Linear regression without feature selection:

- Training error: 0.003266232103339066
- Test error:     0.0036870818132912083
- R^2 train:     0.2800636283170748
- R^2 test:     0.11071639490874381
Linear regression with feature selection:

- Training error: 0.0033327117732156997
- Test error:     0.003668571545528685
- R^2 train:     0.26541031195516224
- R^2 test:     0.11518086802884735